-9.819718198084256 -6.6120180515603 -6.465544817985441 -4.306332489388218 -0.4188109595567209 4.491330278930114 6.501024224958435 6.845370337472858 8.534616201941034 9.017220802254215
9.772991717375284 8.044967306744645 7.7450708116961735 6.5243824155178665 2.6268191062846302 -0.8621045365989755 -4.194609541712994 -5.591554645953412 -6.630146332607351 -8.532971226034757
-7.011818583494391 8.690164347512198 6.717932800168526 -6.788327744819968 9.692733676462083 -4.427756216960878 -3.910055112583535 4.475672980614114 3.21513466811572 9.059496698649237
8.56559760344317 7.343573101084992 4.555567178292971 -8.608263947830157 -3.9878650366658004 3.725555567519052 8.605976542155027 -9.4383132805868 -6.85762299825035 0.10588418355367679
5.217603432464397 6.400839989543897 0.400388387451315 -5.891817748778541 0.15101382951696252 -9.89320970833819 9.859996175002156 2.2665794171047047 0.7859082080852424 -5.59719020875386
-1.679690956978737 -2.8607736889216646 -6.795576126265763 0.1807199031724238 -9.59092428065092 4.505505835012308 2.5617605418512177 -6.273405648822202 1.3476584372914893 -6.280627507350798
-5.039240912403482 -1.0329020415924095 -5.051712364262675 -3.195031617242112 -2.962871480208089 -2.4992282620147366 -2.968367748993117 1.585649610692478 -6.295560173796318 -5.859450269799749
-4.135576315852438 -4.500622654408614 7.644519532827417 -0.6048630872577476 8.100174673937637 -8.630159685708403 8.38477398405833 6.02303942940695 7.357052493845945 -8.166422571914087
8.851298806380385 2.3052033491635537 -8.78460489603034 -5.030632289716492 8.107741149404845 -4.922154185837213 9.283362792852948 -7.998600776305766 9.038763227436316 6.152239867841676
5.087269271719636 9.430834845724316 -8.008213794890315 3.98218536554835 -3.3573478399630226 -9.322222992801144 6.055649461859144 -1.3905140167632997 4.078799107009415 9.920872449632515
